1 117 49188
2 95 49221
3 80 49344
4 69 49372
5 61 49664
6 54 49312
7 49 49586
8 45 49975
9 41 49595
10 38 49724
11 35 49270
12 33 49715
13 31 49764
14 29 49433
15 28 50491
16 26 49473
17 25 50045
18 24 50411
19 23 50583
20 22 50573
21 21 50360
22 20 49962
23 19 49358
24 19 51209
25 18 50314
26 17 49237
27 17 50894
28 16 49518
29 16 51078
30 15 49407
31 15 50870
32 15 52333
33 14 50251
34 14 51616
35 13 49264
36 13 50532
37 13 51800
38 13 53068
39 12 50244
40 12 51415
41 12 52586
42 11 49366
43 11 50440
44 11 51514
45 11 52588
46 11 53662
47 10 49855
48 10 50832
49 10 51809
50 10 52786
51 10 53763
52 9 49442
53 9 50323
54 9 51204
55 9 52085
56 9 52966
57 9 53847
58 9 54728
59 8 49638
60 8 50423
61 8 51208
62 8 51993
63 8 52778
64 8 53564
65 8 54350
66 8 55136
67 7 49171
68 7 49861
69 7 50551
70 7 51241
71 7 51931
72 7 52621
73 7 53311
74 7 54001
75 7 54691
76 7 55381
77 7 56071
78 7 56761
79 6 49560
80 6 50154
81 6 50748
82 6 51342
83 6 51936
84 6 52530
85 6 53124
86 6 53718
87 6 54312
88 6 54906
89 6 55500
90 6 56094
91 6 56688
92 6 57282
93 6 57876
94 6 58470
95 5 49629
96 5 50127
97 5 50625
98 5 51123
99 5 51621
100 5 52128
101 5 52626
102 5 53124
103 5 53622
104 5 54120
105 5 54618
106 5 55116
107 5 55614
108 5 56112
109 5 56610
110 5 57108
111 5 57606
112 5 58104
113 5 58602
114 5 59100
115 5 59598
116 5 60096
117 5 60594
118 4 49448
119 4 49850
120 4 50252
121 4 50654
122 4 51056
123 4 51458
124 4 51860
125 4 52262
126 4 52664
127 4 53066
128 4 53469
129 4 53871
130 4 54273
131 4 54675
132 4 55077
133 4 55479
134 4 55881
135 4 56283
136 4 56685
137 4 57087
138 4 57489
139 4 57891
140 4 58293
141 4 58695
142 4 59097
143 4 59499
144 4 59901
145 4 60303
146 4 60705
147 4 61107
148 4 61509
149 4 61911
150 4 62313
151 4 62715
152 4 63117
153 4 63519
154 4 63921
155 4 64323
156 3 49439
157 3 49745
158 3 50051
159 3 50357
160 3 50663
161 3 50969
162 3 51275
163 3 51581
164 3 51887
165 3 52193
166 3 52499
167 3 52805
168 3 53111
169 3 53417
170 3 53723
171 3 54029
172 3 54335
173 3 54641
174 3 54947
175 3 55253
176 3 55559
177 3 55865
178 3 56171
179 3 56477
180 3 56783
181 3 57089
182 3 57395
183 3 57701
184 3 58007
185 3 58313
186 3 58619
187 3 58925
188 3 59231
189 3 59537
190 3 59843
191 3 60149
192 3 60455
193 3 60761
194 3 61067
195 3 61373
196 3 61679
197 3 61985
198 3 62291
199 3 62597
200 3 62903
201 3 63209
202 3 63515
203 3 63821
204 3 64127
205 3 64433
206 3 64739
207 3 65045
208 3 65351
209 3 65657
210 3 65963
211 3 66269
212 3 66575
213 3 66881
214 3 67187
215 3 67493
216 3 67799
217 3 68105
218 3 68411
219 3 68717
220 3 69023
221 3 69329
222 3 69635
223 3 69941
224 3 70247
225 3 70553
226 3 70859
227 3 71165
228 2 49258
229 2 49468
230 2 49678
231 2 49888
232 2 50098
233 2 50308
234 2 50518
235 2 50728
236 2 50938
237 2 51148
238 2 51358
239 2 51568
240 2 51778
241 2 51988
242 2 52198
243 2 52408
244 2 52618
245 2 52828
246 2 53038
247 2 53248
248 2 53458
249 2 53668
250 2 53878
251 2 54088
252 2 54298
253 2 54508
254 2 54718
255 2 54928
256 2 55138
257 2 55348
258 2 55558
259 2 55768
260 2 55978
261 2 56188
262 2 56398
263 2 56608
264 2 56818
265 2 57028
266 2 57238
267 2 57448
268 2 57658
269 2 57868
270 2 58078
271 2 58288
272 2 58498
273 2 58708
274 2 58918
275 2 59128
276 2 59338
277 2 59548
278 2 59758
279 2 59968
280 2 60178
281 2 60388
282 2 60598
283 2 60808
284 2 61018
285 2 61228
286 2 61438
287 2 61648
288 2 61858
289 2 62068
290 2 62278
291 2 62488
292 2 62698
293 2 62908
294 2 63118
295 2 63328
296 2 63538
297 2 63748
298 2 63958
299 2 64168
300 2 64378
301 2 64588
302 2 64798
303 2 65008
304 2 65218
305 2 65428
306 2 65638
307 2 65848
308 2 66058
309 2 66268
310 2 66478
311 2 66688
312 2 66898
313 2 67108
314 2 67318
315 2 67528
316 2 67738
317 2 67948
318 2 68158
319 2 68368
320 2 68578
321 2 68788
322 2 68998
323 2 69208
324 2 69418
325 2 69628
326 2 69838
327 2 70048
328 2 70258
329 2 70468
330 2 70678
331 2 70888
332 2 71098
333 2 71308
334 2 71518
335 2 71728
336 2 71938
337 2 72148
338 2 72358
339 2 72568
340 2 72778
341 2 72988
342 2 73198
343 2 73408
344 2 73618
345 2 73828
346 2 74038
347 2 74248
348 2 74458
349 2 74668
350 2 74878
351 2 75088
352 2 75298
353 2 75508
354 2 75718
355 2 75928
356 2 76138
357 2 76348
358 2 76558
359 2 76768
360 2 76978
361 2 77188
362 2 77398
363 2 77608
364 2 77818
365 2 78028
366 2 78238
367 2 78448
368 2 78658
369 2 78868
370 2 79078
371 2 79288
372 2 79498
373 2 79708
374 2 79918
375 2 80128
376 2 80338
377 2 80548
378 2 80758
379 2 80968
380 2 81178
381 2 81388
382 2 81598
383 2 81808
384 2 82018
385 2 82228
386 2 82438
387 2 82648
388 2 82858
389 2 83068
390 2 83278
391 2 83488
392 2 83698
393 2 83908
394 2 84118
395 2 84328
396 2 84538
397 2 84748
398 2 84958
399 2 85168
400 2 85378
401 2 85588
402 2 85798
403 2 86008
404 2 86218
405 2 86428
406 2 86638
407 2 86848
408 2 87058
409 2 87268
410 2 87478
411 2 87688
412 2 87898
413 2 88108
414 2 88318
415 2 88528
416 2 88738
417 2 88948
418 2 89158
419 2 89368
420 2 89578
421 2 89788
422 1 49158
422 1 49158
