1 123 49222
2 103 49594
3 88 49594
4 77 49746
5 68 49537
6 61 49471
7 56 50016
8 51 49762
9 47 49745
10 44 50196
11 41 50156
12 38 49634
13 36 49992
14 34 50030
15 32 49741
16 31 50728
17 29 49875
18 28 50457
19 27 50877
20 25 49213
21 24 49240
22 24 51192
23 23 50964
24 22 50574
25 21 50034
26 20 49324
27 20 50952
28 19 49995
29 19 51542
30 18 50354
31 18 51820
32 17 50376
33 17 51761
34 16 50087
35 16 51391
36 15 49466
37 15 50689
38 15 51912
39 14 49619
40 14 50760
41 14 51901
42 13 49333
43 13 50393
44 13 51453
45 13 52513
46 12 49530
47 12 50509
48 12 51488
49 12 52467
50 12 53446
51 11 49980
52 11 50878
53 11 51776
54 11 52674
55 11 53572
56 10 49628
57 10 50445
58 10 51262
59 10 52079
60 10 52896
61 10 53713
62 9 49256
63 9 49993
64 9 50731
65 9 51469
66 9 52207
67 9 52945
68 9 53683
69 9 54421
70 8 49256
71 8 49914
72 8 50572
73 8 51230
74 8 51888
75 8 52546
76 8 53204
77 8 53862
78 8 54520
79 8 55178
80 8 55836
81 7 49711
82 7 50289
83 7 50867
84 7 51445
85 7 52023
86 7 52601
87 7 53179
88 7 53757
89 7 54335
90 7 54913
91 7 55491
92 7 56069
93 7 56647
94 6 49390
95 6 49888
96 6 50386
97 6 50884
98 6 51382
99 6 51880
100 6 52379
101 6 52877
102 6 53375
103 6 53873
104 6 54371
105 6 54869
106 6 55367
107 6 55865
108 6 56363
109 6 56861
110 6 57359
111 6 57857
112 6 58355
113 5 49509
114 5 49927
115 5 50345
116 5 50763
117 5 51181
118 5 51599
119 5 52017
120 5 52435
121 5 52853
122 5 53271
123 5 53689
124 5 54107
125 5 54525
126 5 54943
127 5 55361
128 5 55780
129 5 56198
130 5 56616
131 5 57034
132 5 57452
133 5 57870
134 5 58288
135 5 58706
136 5 59124
137 5 59542
138 5 59960
139 5 60378
140 4 49291
141 4 49629
142 4 49967
143 4 50305
144 4 50643
145 4 50981
146 4 51319
147 4 51657
148 4 51995
149 4 52333
150 4 52671
151 4 53009
152 4 53347
153 4 53685
154 4 54023
155 4 54361
156 4 54699
157 4 55037
158 4 55375
159 4 55713
160 4 56051
161 4 56389
162 4 56727
163 4 57065
164 4 57403
165 4 57741
166 4 58079
167 4 58417
168 4 58755
169 4 59093
170 4 59431
171 4 59769
172 4 60107
173 4 60445
174 4 60783
175 4 61121
176 4 61459
177 4 61797
178 4 62135
179 4 62473
180 4 62811
181 4 63149
182 4 63487
183 4 63825
184 4 64163
185 3 49387
186 3 49645
187 3 49903
188 3 50161
189 3 50419
190 3 50677
191 3 50935
192 3 51193
193 3 51451
194 3 51709
195 3 51967
196 3 52225
197 3 52483
198 3 52741
199 3 52999
200 3 53257
201 3 53515
202 3 53773
203 3 54031
204 3 54289
205 3 54547
206 3 54805
207 3 55063
208 3 55321
209 3 55579
210 3 55837
211 3 56095
212 3 56353
213 3 56611
214 3 56869
215 3 57127
216 3 57385
217 3 57643
218 3 57901
219 3 58159
220 3 58417
221 3 58675
222 3 58933
223 3 59191
224 3 59449
225 3 59707
226 3 59965
227 3 60223
228 3 60481
229 3 60739
230 3 60997
231 3 61255
232 3 61513
233 3 61771
234 3 62029
235 3 62287
236 3 62545
237 3 62803
238 3 63061
239 3 63319
240 3 63577
241 3 63835
242 3 64093
243 3 64351
244 3 64609
245 3 64867
246 3 65125
247 3 65383
248 3 65641
249 3 65899
250 3 66157
251 3 66415
252 3 66673
253 3 66931
254 3 67189
255 3 67447
256 3 67705
257 3 67963
258 3 68221
259 3 68479
260 3 68737
261 3 68995
262 3 69253
263 3 69511
264 3 69769
265 3 70027
266 3 70285
267 3 70543
268 3 70801
269 2 49228
270 2 49406
271 2 49584
272 2 49762
273 2 49940
274 2 50118
275 2 50296
276 2 50474
277 2 50652
278 2 50830
279 2 51008
280 2 51186
281 2 51364
282 2 51542
283 2 51720
284 2 51898
285 2 52076
286 2 52254
287 2 52432
288 2 52610
289 2 52788
290 2 52966
291 2 53144
292 2 53322
293 2 53500
294 2 53678
295 2 53856
296 2 54034
297 2 54212
298 2 54390
299 2 54568
300 2 54746
301 2 54924
302 2 55102
303 2 55280
304 2 55458
305 2 55636
306 2 55814
307 2 55992
308 2 56170
309 2 56348
310 2 56526
311 2 56704
312 2 56882
313 2 57060
314 2 57238
315 2 57416
316 2 57594
317 2 57772
318 2 57950
319 2 58128
320 2 58306
321 2 58484
322 2 58662
323 2 58840
324 2 59018
325 2 59196
326 2 59374
327 2 59552
328 2 59730
329 2 59908
330 2 60086
331 2 60264
332 2 60442
333 2 60620
334 2 60798
335 2 60976
336 2 61154
337 2 61332
338 2 61510
339 2 61688
340 2 61866
341 2 62044
342 2 62222
343 2 62400
344 2 62578
345 2 62756
346 2 62934
347 2 63112
348 2 63290
349 2 63468
350 2 63646
351 2 63824
352 2 64002
353 2 64180
354 2 64358
355 2 64536
356 2 64714
357 2 64892
358 2 65070
359 2 65248
360 2 65426
361 2 65604
362 2 65782
363 2 65960
364 2 66138
365 2 66316
366 2 66494
367 2 66672
368 2 66850
369 2 67028
370 2 67206
371 2 67384
372 2 67562
373 2 67740
374 2 67918
375 2 68096
376 2 68274
377 2 68452
378 2 68630
379 2 68808
380 2 68986
381 2 69164
382 2 69342
383 2 69520
384 2 69698
385 2 69876
386 2 70054
387 2 70232
388 2 70410
389 2 70588
390 2 70766
391 2 70944
392 2 71122
393 2 71300
394 2 71478
395 2 71656
396 2 71834
397 2 72012
398 2 72190
399 2 72368
400 2 72546
401 2 72724
402 2 72902
403 2 73080
404 2 73258
405 2 73436
406 2 73614
407 2 73792
408 2 73970
409 2 74148
410 2 74326
411 2 74504
412 2 74682
413 2 74860
414 2 75038
415 2 75216
416 2 75394
417 2 75572
418 2 75750
419 2 75928
420 2 76106
421 2 76284
422 2 76462
423 2 76640
424 2 76818
425 2 76996
426 2 77174
427 2 77352
428 2 77530
429 2 77708
430 2 77886
431 2 78064
432 2 78242
433 2 78420
434 2 78598
435 2 78776
436 2 78954
437 2 79132
438 2 79310
439 2 79488
440 2 79666
441 2 79844
442 2 80022
443 2 80200
444 2 80378
445 2 80556
446 2 80734
447 2 80912
448 2 81090
449 2 81268
450 2 81446
451 2 81624
452 2 81802
453 2 81980
454 2 82158
455 2 82336
456 2 82514
457 2 82692
458 2 82870
459 2 83048
460 2 83226
461 2 83404
462 2 83582
463 2 83760
464 2 83938
465 2 84116
466 2 84294
467 2 84472
468 2 84650
469 2 84828
470 2 85006
471 2 85184
472 2 85362
473 2 85540
474 2 85718
475 2 85896
476 2 86074
477 2 86252
478 2 86430
479 2 86608
480 2 86786
481 2 86964
482 2 87142
483 2 87320
484 2 87498
485 2 87676
486 2 87854
487 2 88032
488 2 88210
489 2 88388
490 2 88566
491 2 88744
492 1 49233
492 1 49233
